0.2973
0.0
-0.7506
0.296
0.3415
0.7269
0.0
-0.3818
-0.3818
0.0
0.0
-0.6249
-0.2732
-0.3818
0.0
-0.1263
-0.6996
0.2732
-0.8658
0.5319
-0.3818
0.0
0.2973
0.0
-0.3818
-0.7003
-0.7506
-0.8658
0.0
-0.3818
0.0
0.0
0.2732
0.0
-0.6876
0.0
-0.5994
-0.2732
0.7269
0.296
0.0
0.3818
-0.7003
0.765
-0.8342
-0.1068
0.296
-0.4574
-0.3818
-0.6996
-0.8481
0.0
0.0
-0.5994
0.34
-0.7717
-0.3818
0.7269
-0.3818
-0.873
0.7269
0.0
-0.3818
0.0
0.0
0.0
-0.1232
0.0
-0.8342
-0.7717
0.7269
-0.7506
-0.5803
0.1779
0.0
0.0
0.0
0.7269
-0.1068
0.0
-0.3612
0.0
0.0
-0.1232
0.765
-0.9231
-0.3802
0.7269
-0.7003
-0.7506
-0.7506
-0.6996
-0.7717
0.0
0.0
-0.6996
-0.6876
-0.8342
-0.7227
-0.4767
-0.3818
0.296
0.0
-0.9215
0.296
-0.3818
-0.6249
0.0
-0.2732
0.5319
0.25
0.296
-0.7717
-0.7003
-0.3818
0.2732
0.0
-0.4678
0.0
-0.3818
-0.6249
-0.5994
-0.9231
-0.4574
0.0
-0.3818
-0.3612
-0.4678
-0.4574
-0.2732
-0.5423
-0.873
-0.1263
-0.9215
0.0
0.0
0.7102
0.0
0.0
-0.9231
-0.8342
0.25
-0.3818
-0.4574
0.4019
-0.128
-0.8658
-0.6996
-0.4574
-0.5423
0.3612
-0.128
0.0
0.2732
0.0
-0.8069
0.0
-0.3818
-0.7717
-0.8658
-0.3612
-0.7003
-0.873
0.0
0.0
0.25
-0.3818
0.0
0.7269
0.0
0.0
0.0
0.5319
-0.1232
-0.5803
0.3612
0.0
-0.5423
0.0
-0.8069
0.0
-0.4767
-0.4574
-0.3818
0.7269
-0.4939
-0.8342
-0.3818
-0.5803
-0.5423
-0.7717
-0.3818
0.0
0.2732
-0.4939
-0.8342
0.0
-0.3818
0.0
0.0
-0.7717
0.0
-0.3818
-0.128
0.1779
-0.7003
0.0
-0.3612
0.0
-0.4939
-0.3818
0.0
0.0
-0.8342
0.0
0.3818
0.3415
-0.7579
0.2973
0.0
0.0
-0.4767
0.0
0.2732
0.3612
-0.4767
0.0
0.8588
0.8588
0.25
-0.4678
-0.7717
0.7269
-0.1232
-0.3612
0.8588
-0.3818
0.0
0.3818
0.0
0.0
-0.4678
-0.3818
-0.1232
-0.8342
-0.8069
-0.4767
-0.7579
0.0
0.0
0.0
-0.1232
-0.3818
-0.7227
-0.3818
0.0
-0.128
-0.8658
0.0
0.0
0.0
0.0
-0.6996
-0.4939
-0.5994
-0.3818
-0.7717
0.0
0.1779
-0.5994
-0.5803
-0.5994
-0.8658
0.7269
-0.6876
0.0
0.7102
0.7283
0.3612
-0.5803
-0.5803
0.1779
0.0
0.7102
-0.6249
0.296
0.296
0.2973
-0.4767
0.0
0.0
-0.5803
-0.4939
-0.5423
0.0
0.2732
-0.8069
-0.8342
-0.7579
-0.3818
-0.5994
-0.1232
0.765
0.0
-0.3818
0.0
0.3612
-0.4574
-0.1263
0.7102
0.0
-0.9231
0.0
-0.7717
-0.5994
-0.4574
-0.6249
-0.1232
0.0
0.0
0.0
-0.5423
0.0
0.3612
-0.3612
-0.6705
-0.8481
0.7102
-0.5803
0.1779
-0.873
-0.4678
-0.7506
-0.8658
-0.6996
0.25
-0.5423
0.8588
0.0
0.3612
0.0
0.0
0.3612
0.3415
-0.3818
-0.128
0.0
0.3818
0.0
-0.7717
-0.9231
0.0
-0.1232
-0.6705
0.1779
0.0
0.0
-0.4678
0.5319
-0.2263
0.0
-0.3818
0.34
-0.873
0.3612
0.0
-0.8342
0.0
0.4019
0.7269
0.2732
-0.2732
-0.3818
-0.5803
0.2732
0.0
-0.4767
0.0
0.0
-0.3818
-0.5994
-0.2263
0.0
-0.4574
-0.4767
0.3612
0.0
-0.7227
0.0
-0.7003
-0.7227
-0.3802
-0.7003
-0.4939
-0.4574
0.0
-0.3818
-0.3818
-0.7003
0.765
-0.3612
0.0
-0.6249
0.0
-0.8481
-0.5423
-0.5423
0.1779
0.3415
0.7269
-0.5423
-0.1068
-0.8658
-0.5994
0.0
-0.6249
0.0
0.0
0.3415
-0.3802
0.0
-0.8481
0.7269
0.0
-0.4574
0.0
-0.3818
-0.5803
-0.7227
-0.7579
-0.4574
0.4019
0.7102
0.2973
0.0
0.3415
-0.7003
-0.8481
-0.7227
0.0
0.0
0.0
-0.9215
0.0
-0.5994
-0.5994
-0.6705
0.0
-0.873
0.3612
-0.4574
-0.5994
0.0
-0.3818
-0.7003
-0.1263
-0.3802
-0.5994
-0.2732
0.7269
-0.3818
-0.7003
-0.8342
-0.3818
0.0
0.3612
0.0
0.0
-0.8658
0.0
0.0
-0.3818
-0.3818
0.0
0.0
0.0
0.0
0.0
0.7283
0.0
-0.5423
0.8588
0.8588
0.7269
-0.3802
0.0
-0.6705
-0.6876
-0.3818
0.3612
0.0
-0.128
-0.2732
-0.5994
-0.4767
0.0
0.34
-0.7506
0.7269
-0.6249
0.0
0.2973
0.8588
0.3612
0.3818
-0.5803
0.296
-0.5803
-0.8342
-0.7227
0.7269
0.2973
0.0
-0.6249
-0.3818
-0.7717
-0.2732
0.0
-0.7003
-0.3612
-0.4678
-0.1263
-0.6705
-0.8342
0.0
-0.3802
0.1779
-0.3802
-0.7579
-0.7717
-0.2732
-0.2732
0.0
-0.9231
0.0
-0.3818
-0.4678
-0.7227
-0.5803
-0.7003
0.0
0.0
0.3612
-0.7227
-0.5423
-0.8069
-0.1263
-0.1232
0.25
0.0
-0.3818
-0.873
0.0
0.0
-0.5803
-0.5423
0.765
0.7269
0.0
-0.5994
-0.3818
0.0
-0.9215
0.0
-0.4574
-0.3818
0.0
-0.2732
-0.4939
0.0
0.0
-0.3802
-0.7003
-0.4939
0.0
-0.1263
0.296
-0.3612
-0.8342
-0.9231
0.0
-0.4767
0.7102
-0.7717
-0.5803
-0.3818
-0.4939
-0.6996
-0.2263
-0.5423
-0.5423
0.3415
-0.9215
0.34
0.3612
0.0
0.0
-0.2263
0.0
0.7269
0.25
-0.6705
-0.3818
0.0
0.0
0.0
0.296
-0.5803
-0.3818
-0.6876
-0.9231
0.0
0.0
0.296
0.0
0.25
0.0
-0.6876
-0.8342
0.0
-0.7003
-0.7506
0.0
0.1779
-0.3612
-0.3802
-0.3818
-0.4678
0.2973
0.0
0.4019
0.2973
-0.3818
-0.3818
0.7269
0.0
0.765
-0.8658
0.1779
-0.3818
-0.2732
0.0
0.0
-0.8069
-0.1068
0.0
0.0
-0.128
0.0
-0.3818
-0.3818
-0.6996
0.0
-0.4574
-0.4574
0.0
0.3818
0.296
-0.5994
-0.4767
0.765
-0.6996
-0.4574
-0.6705
-0.3818
-0.2263
-0.6996
-0.8342
-0.6876
0.7283
0.0
0.3415
0.765
-0.8658
0.4019
-0.5803
0.3818
-0.5994
-0.3818
0.7269
-0.873
-0.3612
0.7269
-0.1232
-0.5803
0.0
0.0
-0.3818
0.765
0.0
0.0
-0.1263
-0.5423
-0.8658
0.25
-0.8342
-0.1263
0.0
0.0
-0.3612
-0.1068
-0.3802
-0.7506
-0.5423
0.0
0.2732
-0.7003
0.7283
0.0
0.0
-0.3818
-0.3818
0.0
-0.8342
0.7102
0.0
-0.3818
0.0
0.0
0.2732
0.0
0.0
0.0
-0.5994
-0.1232
0.0
0.0
-0.5803
0.0
-0.128
0.0
-0.3818
0.0
0.0
0.34
-0.3802
-0.3802
-0.1068
0.2973
-0.7003
-0.3818
0.0
0.0
-0.3612
-0.6705
-0.8342
0.0
-0.3802
-0.4767
0.0
0.34
-0.128
-0.3612
-0.873
-0.3818
-0.9215
-0.3612
0.765
-0.6996
0.2973
-0.4678
0.7269
-0.4574
0.7269
-0.5994
-0.4574
-0.3802
-0.4767
-0.3818
0.3612
-0.6876
-0.2263
-0.7003
0.3612
-0.5803
0.4019
0.8588
-0.4574
0.0
0.3612
-0.3818
0.0
0.296
0.7269
0.7269
0.34
0.0
-0.6249
0.0
-0.8342
-0.4939
-0.7717
0.0
-0.2263
-0.1068
-0.3612
0.7283
-0.4678
-0.3818
-0.3612
0.0
0.4019
-0.3612
-0.1068
-0.8342
-0.5423
0.0
-0.5803
0.0
-0.5803
0.0
-0.2263
0.0
0.0
0.0
-0.5803
0.0
-0.3612
0.0
-0.4767
-0.3612
-0.2732
0.5319
0.0
0.0
0.5319
-0.6249
-0.3818
0.0
-0.9215
-0.8481
0.25
0.0
-0.873
0.0
0.0
0.0
0.7102
0.0
0.0
0.0
-0.6876
0.0
0.25
-0.8481
0.0
-0.4767
-0.2263
-0.1263
0.7269
-0.4574
0.0
-0.3818
0.34
-0.7717
-0.5994
0.3612
0.2973
-0.3818
0.7269
0.0
0.8588
0.0
0.34
0.2732
-0.3818
-0.4939
-0.3612
-0.3818
-0.8658
-0.5994
-0.3818
0.0
-0.8069
-0.3818
-0.7227
-0.6876
0.0
0.0
0.34
-0.1068
0.7283
-0.4574
0.0
-0.1232
-0.5803
0.0
-0.3818
0.7269
0.7269
0.0
0.0
-0.3612
-0.7717
0.0
0.3415
-0.8481
0.0
0.3818
0.0
-0.3818
0.7269
-0.5994
-0.5803
-0.3818
-0.6996
-0.7579
-0.4574
0.0
0.0
0.0
0.0
-0.3612
-0.1232
-0.6996
-0.7003
0.3415
-0.7717
-0.5803
-0.128
-0.6996
-0.8342
0.0
0.0
0.0
-0.2732
-0.7717
-0.2732
0.5319
-0.8658
0.3612
-0.7003
0.0
-0.1263
-0.4574
-0.3612
0.3612
-0.6705
0.765
-0.1232
0.0
-0.8481
0.0
-0.3818
-0.3818
-0.5803
0.3612
0.3612
0.0
-0.4678
-0.3818
0.34
0.0
-0.4939
0.0
-0.7717
0.0
0.3612
0.0
0.3612
0.0
0.296
0.0
-0.3818
0.0
-0.4678
0.0
-0.4574
0.4019
-0.1068
0.25
-0.3612
0.0
0.0
-0.7579
0.34
0.8588
0.0
-0.5803
-0.4574
0.7269
-0.7717
0.0
-0.7579
0.0
0.2973
-0.5803
-0.3818
-0.7003
0.7283
0.0
0.0
0.0
-0.7506
-0.8342
-0.1232
-0.1263
-0.3818
-0.3818
0.1779
-0.7579
-0.3818
0.25
0.3612
-0.1068
0.0
0.0
0.0
0.0
0.0
-0.5423
0.3612
0.0
-0.6996
0.0
-0.3818
-0.5423
0.25
0.0
0.0
-0.8342
0.0
-0.3612
0.0
-0.7579
-0.3818
-0.5423
0.765
0.3612
0.0
-0.7227
0.2732
0.7269
0.0
0.0
0.296
-0.3818
0.4019
0.0
0.0
0.5319
-0.2263
-0.3818
-0.8658
-0.4574
0.5319
-0.6249
0.0
0.7102
-0.8342
0.765
-0.3818
0.7269
-0.5423
-0.8342
0.0
-0.4678
-0.9231
-0.7717
-0.3818
0.4019
0.0
0.4019
-0.3802
-0.3802
-0.9231
-0.4574
0.7269
-0.4939
-0.3818
-0.4767
0.0
0.25
-0.2732
0.0
0.0
0.2973
-0.4678
-0.7227
0.0
-0.7227
0.4019
0.0
-0.6249
-0.8069
-0.4678
0.0
0.0
-0.5423
-0.8069
-0.5423
-0.873
-0.8481
0.0
-0.5423
0.0
-0.6996
0.25
0.0
-0.128
0.2732
0.34
-0.5803
0.0
-0.6996
-0.9231
-0.2263
-0.128
-0.7227
0.0
-0.8481
-0.6876
-0.6705
-0.5423
-0.8342
-0.3818
0.0
-0.3818
-0.8658
0.3612
0.0
0.3612
0.1779
0.7283
-0.3818
-0.3818
-0.7003
-0.3818
-0.7579
-0.4767
0.0
-0.7717
-0.6996
0.0
0.0
-0.7227
-0.8342
-0.8658
0.0
0.296
0.25
0.0
0.0
-0.4678
0.0
-0.8342
0.0
-0.873
-0.3818
0.0
0.0
0.0
-0.9215
-0.873
0.0
-0.3818
-0.7003
0.34
0.296
-0.128
-0.8481
0.0
-0.5423
0.0
-0.8342
-0.5423
0.0
0.0
-0.8342
0.0
-0.4678
-0.3818
0.7283
-0.7003
0.0
0.25
0.0
0.4019
0.0
-0.8069
0.0
-0.1068
-0.3818
0.0
0.0
0.25
0.2973
0.0
0.5319
0.0
-0.2263
-0.3818
0.3415
0.3818
0.0
-0.7579
-0.3818
-0.5423
0.7269
0.296
0.4019
-0.5803
0.0
0.0
-0.1232
-0.7717
-0.3818
-0.8658
0.0
0.25
0.0
-0.1263
0.0
-0.5803
0.0
0.34
-0.5994
-0.3818
0.4019
0.34
0.4019
0.0
-0.2732
-0.1263
-0.8658
-0.4678
-0.7717
-0.8342
-0.4767
-0.4678
-0.2263
0.0
-0.7227
-0.3818
0.0
0.7102
-0.4767
-0.1068
-0.3818
0.34
0.3818
-0.7003
-0.7227
-0.6705
-0.4574
0.0
0.0
0.25
-0.4767
-0.128
0.0
-0.6249
-0.3818
-0.8069
-0.7717
-0.5994
0.3415
-0.2732
-0.6996
0.296
0.4019
0.0
-0.3818
-0.8481
0.25
-0.1263
-0.4678
-0.5803
0.3415
0.0
-0.9231
-0.3818
-0.7506
0.0
-0.6876
0.0
-0.4767
0.0
-0.1263
0.7269
0.0
0.4019
-0.3612
-0.6705
0.0
-0.5423
0.0
0.0
0.0
-0.128
0.7283
-0.3818
0.0
0.8588
-0.1232
-0.6996
-0.6249
-0.5423
-0.7717
0.4019
-0.4767
0.3818
-0.7579
0.1779
0.8588
0.0
0.296
0.0
-0.6705
0.0
0.3415
0.0
-0.8481
-0.9231
0.0
-0.4678
-0.5423
-0.3612
-0.6876
-0.1263
-0.3818
0.25
0.4019
-0.3818
0.0
0.296
0.0
0.5319
-0.5803
-0.3818
-0.6705
0.7269
-0.3818
-0.3612
0.3612
0.4019
0.0
0.0
0.0
0.7102
0.3612
-0.1068
-0.6876
-0.3818
0.3818
-0.5803
0.0
-0.5994
0.25
-0.3818
-0.3818
-0.4767
0.2732
0.34
-0.6996
0.0
0.0
0.3612
0.0
0.0
0.0
-0.7579
0.0
-0.7717
-0.5803
0.4019
-0.4678
0.0
-0.5994
-0.5803
-0.4939
-0.6996
-0.8342
0.0
-0.8481
-0.3612
0.7269
0.0
-0.6249
-0.128
0.0
-0.5994
-0.4678
-0.4939
0.0
0.0
-0.4574
0.0
0.765
-0.5423
0.0
0.2732
-0.4939
0.0
-0.9231
0.0
0.34
0.296
0.4019
0.4019
0.0
0.2732
0.296
-0.4678
0.0
-0.3818
0.0
-0.4678
-0.5803
0.0
-0.4574
0.3415
-0.3612
0.25
0.34
-0.3818
-0.8342
0.0
0.0
0.0
-0.9215
-0.4767
0.0
0.1779
0.2732
-0.4574
0.296
-0.4767
0.0
-0.6705
-0.4574
-0.3818
-0.9215
-0.3612
-0.4574
0.0
0.296
-0.4939
0.0
-0.3818
0.34
0.0
0.0
-0.5994
-0.2263
-0.7506
-0.1068
0.4019
0.2732
0.0
0.4019
-0.8481
0.7269
-0.128
0.296
0.0
0.0
0.3818
0.0
-0.873
-0.5803
0.0
-0.6876
-0.873
0.7269
0.0
-0.6249
-0.8658
0.0
-0.5994
-0.4767
-0.5803
-0.7717
0.0
0.0
-0.4678
0.2732
-0.8342
0.5319
-0.7717
0.0
0.0
0.0
-0.7506
-0.5994
-0.9215
0.7283
0.296
0.0
0.0
-0.3818
0.0
0.25
-0.8342
-0.8342
-0.873
-0.4574
0.1779
-0.5803
0.7283
-0.8342
-0.4574
0.0
-0.7227
-0.8342
-0.8658
-0.3818
0.0
0.0
-0.5803
-0.8342
-0.4678
0.2732
0.0
-0.7717
-0.3612
0.0
0.0
0.1779
-0.2732
-0.8658
0.7269
-0.6996
0.5319
0.0
0.0
0.0
-0.5423
-0.3818
0.0
0.0
0.0
0.0
0.0
-0.5994
-0.4939
0.0
0.2732
0.0
0.0
-0.4767
0.0
0.0
0.7269
-0.4574
-0.7717
-0.5803
0.0
0.0
-0.8342
-0.3818
-0.8342
0.3818
0.4019
0.3818
-0.2263
-0.3818
0.7269
0.25
0.0
-0.4678
0.1779
-0.3818
-0.5423
0.4019
-0.8069
0.3415
0.0
-0.8069
0.25
-0.4574
-0.4678
-0.9231
0.0
0.0
0.2973
-0.2732
-0.8481
-0.873
0.7269
0.8588
0.0
0.1779
0.0
0.2973
0.0
-0.1068
-0.4574
-0.9231
0.0
-0.2263
0.0
-0.7227
-0.4678
-0.5803
-0.6876
0.0
-0.3818
0.0
0.0
0.25
-0.2732
0.0
-0.9215
0.25
0.0
-0.5423
-0.5803
-0.5423
0.0
-0.5803
-0.3818
0.0
-0.8342
-0.3612
0.3612
0.0
-0.5994
-0.4678
0.0
-0.7579
0.0
-0.128
0.0
-0.7717
0.4019
-0.4678
-0.8658
-0.4767
0.0
0.7269
-0.4574
-0.3818
0.0
0.7269
0.3415
0.1779
0.0
-0.4767
0.34
0.0
0.0
-0.3818
0.5319
-0.3818
0.2973
-0.8069
0.25
-0.3818
-0.3818
-0.8342
0.4019
0.3415
-0.3818
0.0
0.0
-0.8342
-0.5423
0.0
0.0
0.7269
0.1779
0.0
-0.4767
-0.3818
0.0
0.0
0.7102
-0.7506
0.0
-0.3818
-0.5423
0.0
0.0
0.0
-0.3612
-0.5803
0.0
-0.6876
0.0
-0.873
0.0
-0.1263
0.0
-0.8342
-0.3818
-0.3818
0.2973
0.8588
-0.3818
-0.3802
0.4019
-0.4574
0.0
-0.6249
-0.7227
0.8588
-0.6249
-0.6249
0.1779
0.0
0.0
-0.128
-0.4767
-0.8481
-0.6249
0.0
0.0
0.3818
0.0
-0.6996
0.3612
-0.3818
0.7102
-0.2732
0.25
0.0
0.3612
-0.7506
0.0
-0.1232
0.0
-0.5803
0.4019
0.4019
0.0
-0.7227
0.765
-0.3818
0.0
0.0
-0.4678
-0.8069
0.0
0.296
-0.2263
-0.6876
-0.4767
0.0
0.1779
-0.8342
0.296
-0.5803
-0.3818
-0.3818
-0.3818
-0.4767
0.296
0.3818
-0.5994
0.0
0.0
0.0
0.0
0.0
-0.8069
0.3415
0.0
0.8588
0.0
0.0
0.0
0.0
-0.5423
-0.7227
0.0
0.296
0.0
0.0
-0.8342
0.765
-0.3818
0.0
-0.3818
0.0
-0.6705
-0.6249
0.0
0.0
0.0
-0.7579
0.0
-0.1068
0.0
0.0
0.0
0.0
0.1779
-0.8342
0.0
-0.3612
-0.3802
0.0
-0.9215
-0.6705
0.0
-0.2732
0.0
-0.1263
0.0
-0.9215
0.0
0.3612
0.0
-0.8342
0.25
-0.1068
-0.9215
0.2973
0.3612
0.4019
-0.4939
0.1779
0.0
0.0
0.1779
0.0
-0.7506
0.0
0.0
-0.2263
0.0
-0.4767
-0.4767
-0.9215
0.0
-0.5423
0.765
0.4019
0.0
0.0
0.25
-0.4767
-0.3818
-0.7717
0.0
-0.4767
0.0
0.3415
-0.4767
-0.4767
-0.1263
0.0
-0.128
0.0
-0.5803
-0.1263
0.0
-0.4678
-0.3818
0.0
-0.1232
-0.5423
-0.6249
-0.4678
-0.1068
-0.8342
0.0
0.2973
0.7283
-0.5423
-0.7003
-0.3802
-0.5994
0.0
-0.4767
-0.8342
0.0
0.0
-0.5803
0.296
0.0
0.4019
0.0
0.0
0.0
0.0
0.0
-0.7003
0.2732
-0.7506
-0.3612
0.0
0.0
0.0
-0.7003
0.25
-0.5423
0.0
-0.7003
-0.3612
-0.3818
-0.5994
-0.1068
0.0
0.0
-0.7717
0.34
-0.8481
0.0
-0.7003
-0.7717
0.0
0.0
-0.4574
0.0
0.3612
-0.7506
0.25
0.0
-0.7506
0.2973
0.2973
-0.8069
0.3612
-0.3818
0.3612
-0.7717
0.0
-0.3612
0.0
0.0
-0.3612
0.0
-0.3802
0.765
-0.3612
0.0
0.0
0.0
0.3612
0.2732
0.0
-0.7227
0.34
0.0
0.5319
0.7269
0.2732
0.0
0.0
-0.4678
-0.8342
-0.3818
0.1779
0.0
0.7102
0.2973
0.0
-0.8069
-0.8658
0.3612
0.0
-0.2263
0.7102
0.2732
0.34
0.0
0.0
-0.6996
-0.3818
0.0
-0.7717
0.7269
-0.6876
0.0
-0.1068
0.25
0.296
-0.1263
0.0
0.7269
-0.9231
-0.4574
0.7102
-0.8342
0.7269
0.0
-0.3612
0.7283
-0.8342
-0.8069
0.0
-0.3612
0.3612
0.0
0.765
-0.128
-0.7717
0.0
0.3415
0.4019
-0.5803
-0.4574
0.1779
-0.1068
0.8588
-0.873
-0.3612
-0.4574
-0.1068
0.0
0.0
-0.5423
-0.1068
-0.2263
0.1779
0.0
-0.8342
-0.3818
0.7102
0.4019
-0.8342
0.0
-0.5803
-0.5803
-0.5423
0.0
0.2732
-0.4678
-0.9231
-0.5803
0.0
-0.7579
0.0
-0.9215
-0.4767
-0.5423
-0.5423
-0.5803
0.0
0.3818
-0.3612
0.0
-0.3612
-0.3612
0.0
-0.3818
0.0
0.3612
0.0
0.0
0.3612
-0.8342
-0.7506
-0.4574
-0.4574
0.0
-0.7717
0.0
-0.9215
-0.2732
-0.5803
-0.6876
0.296
0.0
-0.6876
0.0
-0.7717
0.0
0.0
-0.8342
-0.3818
0.0
-0.5803
0.0
0.0
-0.1068
0.0
-0.1068
0.34
0.7269
0.0
0.4019
-0.3818
-0.1232
0.2973
-0.5994
0.7102
-0.6996
-0.3818
-0.9215
0.0
-0.6249
-0.7003
0.0
0.296
0.765
0.0
-0.7003
0.0
-0.3818
0.0
-0.3612
-0.4574
0.0
-0.7003
0.5319
0.0
-0.3612
-0.1263
0.0
0.3415
0.0
0.34
-0.3818
-0.3612
-0.7003
0.25
-0.8342
-0.8342
0.1779
0.7269
-0.7003
-0.3818
-0.1068
0.0
0.0
0.0
-0.8069
0.3415
0.7283
0.8588
-0.3818
0.0
-0.5803
0.0
-0.5423
-0.4574
-0.7506
-0.4678
-0.7506
-0.4678
-0.6705
0.0
0.7102
0.0
-0.8069
0.4019
0.0
-0.3802
0.0
0.0
-0.3612
0.0
-0.5423
0.0
0.0
-0.3802
0.0
0.0
-0.5423
0.3612
0.0
0.0
-0.873
-0.4678
0.296
-0.8342
-0.6996
0.7102
-0.3818
0.0
0.0
0.0
0.0
0.7269
-0.1232
-0.7003
-0.5803
-0.5803
-0.6249
0.0
0.3612
0.0
-0.3818
-0.8481
0.2973
0.5319
0.0
0.0
-0.3612
-0.5803
0.7269
0.0
-0.4939
-0.6996
0.0
-0.3818
0.0
0.0
0.0
-0.9215
-0.4767
-0.4678
-0.4678
0.0
-0.2263
-0.8069
0.0
-0.8342
0.0
-0.5423
0.25
-0.4574
0.3612
0.296
0.25
0.0
0.0
0.0
-0.3818
0.0
-0.1232
-0.4574
0.25
0.0
0.3612
0.25
0.0
-0.7717
-0.6249
0.3818
0.3612
-0.5423
0.0
0.0
0.25
0.7269
0.0
-0.1068
0.4019
-0.2263
-0.3818
-0.3802
0.25
-0.4767
-0.8069
-0.4574
-0.9215
-0.7506
-0.8658
0.25
0.4019
0.765
-0.4574
0.34
0.3612
-0.873
0.0
0.25
-0.3818
-0.3612
0.0
-0.1263
-0.7227
0.25
-0.8481
0.7283
0.0
-0.1263
0.2973
0.25
0.25
-0.6249
0.0
-0.4767
0.0
-0.4574
0.0
0.0
0.0
0.765
-0.4574
-0.3818
0.0
-0.4574
-0.1263
-0.8658
0.0
-0.4678
0.0
-0.8069
0.4019
-0.4574
0.7102
-0.4678
-0.3802
0.0
0.765
0.0
-0.4678
-0.1068
-0.8342
-0.4574
0.0
-0.7579
-0.5803
-0.3612
0.0
-0.8342
-0.8342
0.2732
-0.7003
0.7102
-0.3802
0.0
0.34
0.0
-0.1068
-0.6249
0.34
-0.3818
-0.873
0.2732
-0.3612
0.5319
0.0
-0.3612
-0.3818
-0.4767
-0.8658
-0.7003
-0.5803
0.25
-0.3818
0.7269
-0.1232
-0.8481
-0.7717
0.0
0.34
-0.3818
-0.5803
0.7102
-0.2732
0.0
-0.7506
0.25
0.0
-0.1068
-0.8658
-0.4574
-0.2732
-0.3818
-0.5423
-0.4939
-0.6705
-0.3818
-0.3818
0.0
-0.7717
-0.6705
0.0
-0.9215
-0.7227
0.0
-0.2732
0.0
0.0
0.4019
0.0
0.1779
-0.873
-0.6996
0.0
-0.8481
0.0
0.765
-0.3818
-0.4678
-0.9231
-0.3612
-0.3818
0.0
-0.4574
-0.7506
-0.4767
0.0
0.0
0.0
-0.1232
0.0
-0.6996
-0.3818
-0.128
-0.7506
-0.8658
-0.5423
0.0
-0.4574
0.0
-0.1263
-0.8069
-0.3818
-0.4767
0.3818
0.3612
